1	0
10	0
100	0
1000	0
1001	0
1002	0
1003	0
1004	0
1005	0
1006	0
1007	0
101	0
102	0
103	0
1032	0
1033	0
1034	0
1035	0
1036	0
1037	0
1038	0
1039	0
104	0
105	0
106	0
1064	0
1065	0
1066	0
1067	0
1068	0
1069	0
107	0
1070	0
1071	0
108	0
109	0
1096	0
1097	0
1098	0
1099	0
11	0
110	0
1100	0
1101	0
1102	0
1103	0
111	0
1128	0
1129	0
1130	0
1131	0
1132	0
1133	0
1134	0
1135	0
1160	0
1161	0
1162	0
1163	0
1164	0
1165	0
1166	0
1167	0
1192	0
1193	0
1194	0
1195	0
1196	0
1197	0
1198	0
1199	0
12	0
1224	0
1225	0
1226	0
1227	0
1228	0
1229	0
1230	0
1231	0
1256	0
1257	0
1258	0
1259	0
1260	0
1261	0
1262	0
1263	0
128	0
1288	0
1289	0
129	0
1290	0
1291	0
1292	0
1293	0
1294	0
1295	0
13	0
130	0
131	0
132	0
1320	0
1321	0
1322	0
1323	0
1324	0
1325	0
1326	0
1327	0
133	0
134	0
135	0
1352	0
1353	0
1354	0
1355	0
1356	0
1357	0
1358	0
1359	0
136	0
137	0
138	0
1384	0
1385	0
1386	0
1387	0
1388	0
1389	0
139	0
1390	0
1391	0
14	0
140	0
141	0
1416	0
1417	0
1418	0
1419	0
142	0
1420	0
1421	0
1422	0
1423	0
143	0
1448	0
1449	0
1450	0
1451	0
1452	0
1453	0
1454	0
1455	0
1480	0
1481	0
1482	0
1483	0
1484	0
1485	0
1486	0
1487	0
15	0
1512	0
1513	0
1514	0
1515	0
1516	0
1517	0
1518	0
1519	0
1544	0
1545	0
1546	0
1547	0
1548	0
1549	0
1550	0
1551	0
1576	0
1577	0
1578	0
1579	0
1580	0
1581	0
1582	0
1583	0
160	0
1608	0
1609	0
161	0
1610	0
1611	0
1612	0
1613	0
1614	0
1615	0
162	0
163	0
164	0
1640	0
1641	0
1642	0
1643	0
1644	0
1645	0
1646	0
1647	0
165	0
166	0
167	0
1672	0
1673	0
1674	0
1675	0
1676	0
1677	0
1678	0
1679	0
168	0
169	0
170	0
1704	0
1705	0
1706	0
1707	0
1708	0
1709	0
171	0
1710	0
1711	0
172	0
173	0
1736	0
1737	0
1738	0
1739	0
174	0
1740	0
1741	0
1742	0
1743	0
175	0
1768	0
1769	0
1770	0
1771	0
1772	0
1773	0
1774	0
1775	0
1800	0
1801	0
1802	0
1803	0
1804	0
1805	0
1806	0
1807	0
1832	0
1833	0
1834	0
1835	0
1836	0
1837	0
1838	0
1839	0
1864	0
1865	0
1866	0
1867	0
1868	0
1869	0
1870	0
1871	0
1896	0
1897	0
1898	0
1899	0
1900	0
1901	0
1902	0
1903	0
192	0
1928	0
1929	0
193	0
1930	0
1931	0
1932	0
1933	0
1934	0
1935	0
194	0
195	0
196	0
1960	0
1961	0
1962	0
1963	0
1964	0
1965	0
1966	0
1967	0
197	0
198	0
199	0
1992	0
1993	0
1994	0
1995	0
1996	0
1997	0
1998	0
1999	0
1999201	0
1999202	0
1999203	0
1999204	0
1999205	0
1999206	0
1999207	0
1999232	0
1999233	0
1999234	0
1999235	0
1999236	0
1999237	0
1999238	0
1999239	0
1999264	0
1999265	0
1999266	0
1999267	0
1999268	0
1999269	0
1999270	0
1999271	0
1999296	0
1999297	0
1999298	0
1999299	0
1999300	0
1999301	0
1999302	0
1999303	0
1999328	0
1999329	0
1999330	0
1999331	0
1999332	0
1999333	0
1999334	0
1999335	0
1999360	0
1999361	0
1999362	0
1999363	0
1999364	0
1999365	0
1999366	0
1999367	0
1999392	0
1999393	0
1999394	0
1999395	0
1999396	0
1999397	0
1999398	0
1999399	0
1999424	0
1999425	0
1999426	0
1999427	0
1999428	0
1999429	0
1999430	0
1999431	0
1999456	0
1999457	0
1999458	0
1999459	0
1999460	0
1999461	0
1999462	0
1999463	0
1999488	0
1999489	0
1999490	0
1999491	0
1999492	0
1999493	0
1999494	0
1999495	0
1999520	0
1999521	0
1999522	0
1999523	0
1999524	0
1999525	0
1999526	0
1999527	0
1999552	0
1999553	0
1999554	0
1999555	0
1999556	0
1999557	0
1999558	0
1999559	0
1999584	0
1999585	0
1999586	0
1999587	0
1999588	0
2	0
200	0
201	0
202	0
2024	0
2025	0
2026	0
2027	0
2028	0
2029	0
203	0
2030	0
2031	0
204	0
205	0
2056	0
2057	0
2058	0
2059	0
206	0
2060	0
2061	0
2062	0
2063	0
207	0
2088	0
2089	0
2090	0
2091	0
2092	0
2093	0
2094	0
2095	0
2120	0
2121	0
2122	0
2123	0
2124	0
2125	0
2126	0
2127	0
2152	0
2153	0
2154	0
2155	0
2156	0
2157	0
2158	0
2159	0
2184	0
2185	0
2186	0
2187	0
2188	0
2189	0
2190	0
2191	0
2216	0
2217	0
2218	0
2219	0
2220	0
2221	0
2222	0
2223	0
224	0
2248	0
2249	0
225	0
2250	0
2251	0
2252	0
2253	0
2254	0
2255	0
226	0
227	0
228	0
2280	0
2281	0
2282	0
2283	0
2284	0
2285	0
2286	0
2287	0
229	0
230	0
231	0
2312	0
2313	0
2314	0
2315	0
2316	0
2317	0
2318	0
2319	0
232	0
233	0
234	0
2344	0
2345	0
2346	0
2347	0
2348	0
2349	0
235	0
2350	0
2351	0
236	0
237	0
2376	0
2377	0
2378	0
2379	0
238	0
2380	0
2381	0
2382	0
2383	0
239	0
2408	0
2409	0
2410	0
2411	0
2412	0
2413	0
2414	0
2415	0
2440	0
2441	0
2442	0
2443	0
2444	0
2445	0
2446	0
2447	0
2472	0
2473	0
2474	0
2475	0
2476	0
2477	0
2478	0
2479	0
2504	0
2505	0
2506	0
2507	0
2508	0
2509	0
2510	0
2511	0
2536	0
2537	0
2538	0
2539	0
2540	0
2541	0
2542	0
2543	0
256	0
2568	0
2569	0
257	0
2570	0
2571	0
2572	0
2573	0
2574	0
2575	0
258	0
259	0
260	0
2600	0
2601	0
2602	0
2603	0
2604	0
2605	0
2606	0
2607	0
261	0
262	0
263	0
2632	0
2633	0
2634	0
2635	0
2636	0
2637	0
2638	0
2639	0
264	0
265	0
266	0
2664	0
2665	0
2666	0
2667	0
2668	0
2669	0
267	0
2670	0
2671	0
268	0
269	0
2696	0
2697	0
2698	0
2699	0
270	0
2700	0
2701	0
2702	0
2703	0
271	0
2728	0
2729	0
2730	0
2731	0
2732	0
2733	0
2734	0
2735	0
2760	0
2761	0
2762	0
2763	0
2764	0
2765	0
2766	0
2767	0
2792	0
2793	0
2794	0
2795	0
2796	0
2797	0
2798	0
2799	0
2824	0
2825	0
2826	0
2827	0
2828	0
2829	0
2830	0
2831	0
2856	0
2857	0
2858	0
2859	0
2860	0
2861	0
2862	0
2863	0
288	0
2888	0
2889	0
289	0
2890	0
2891	0
2892	0
2893	0
2894	0
2895	0
290	0
291	0
292	0
2920	0
2921	0
2922	0
2923	0
2924	0
2925	0
2926	0
2927	0
293	0
294	0
295	0
2952	0
2953	0
2954	0
2955	0
2956	0
2957	0
2958	0
2959	0
296	0
297	0
298	0
2984	0
2985	0
2986	0
2987	0
2988	0
2989	0
299	0
2990	0
2991	0
3	0
300	0
301	0
3016	0
3017	0
3018	0
3019	0
302	0
3020	0
3021	0
3022	0
3023	0
303	0
3048	0
3049	0
3050	0
3051	0
3052	0
3053	0
3054	0
3055	0
3080	0
3081	0
3082	0
3083	0
3084	0
3085	0
3086	0
3087	0
3112	0
3113	0
3114	0
3115	0
3116	0
3117	0
3118	0
3119	0
3144	0
3145	0
3146	0
3147	0
3148	0
3149	0
3150	0
3151	0
3176	0
3177	0
3178	0
3179	0
3180	0
3181	0
3182	0
3183	0
32	0
320	0
3208	0
3209	0
321	0
3210	0
3211	0
3212	0
3213	0
3214	0
3215	0
322	0
323	0
324	0
3240	0
3241	0
3242	0
3243	0
3244	0
3245	0
3246	0
3247	0
325	0
326	0
327	0
3272	0
3273	0
3274	0
3275	0
3276	0
3277	0
3278	0
3279	0
328	0
329	0
33	0
330	0
3304	0
3305	0
3306	0
3307	0
3308	0
3309	0
331	0
3310	0
3311	0
332	0
333	0
3336	0
3337	0
3338	0
3339	0
334	0
3340	0
3341	0
3342	0
3343	0
335	0
3368	0
3369	0
3370	0
3371	0
3372	0
3373	0
3374	0
3375	0
34	0
3400	0
3401	0
3402	0
3403	0
3404	0
3405	0
3406	0
3407	0
3432	0
3433	0
3434	0
3435	0
3436	0
3437	0
3438	0
3439	0
3464	0
3465	0
3466	0
3467	0
3468	0
3469	0
3470	0
3471	0
3496	0
3497	0
3498	0
3499	0
35	0
3500	0
3501	0
3502	0
3503	0
352	0
3528	0
3529	0
353	0
3530	0
3531	0
3532	0
3533	0
3534	0
3535	0
354	0
355	0
356	0
3560	0
3561	0
3562	0
3563	0
3564	0
3565	0
3566	0
3567	0
357	0
358	0
359	0
3592	0
3593	0
3594	0
3595	0
3596	0
3597	0
3598	0
3599	0
36	0
360	0
361	0
362	0
3624	0
3625	0
3626	0
3627	0
3628	0
3629	0
363	0
3630	0
3631	0
364	0
365	0
3656	0
3657	0
3658	0
3659	0
366	0
3660	0
3661	0
3662	0
3663	0
367	0
3688	0
3689	0
3690	0
3691	0
3692	0
3693	0
3694	0
3695	0
37	0
3720	0
3721	0
3722	0
3723	0
3724	0
3725	0
3726	0
3727	0
3752	0
3753	0
3754	0
3755	0
3756	0
3757	0
3758	0
3759	0
3784	0
3785	0
3786	0
3787	0
3788	0
3789	0
3790	0
3791	0
38	0
3816	0
3817	0
3818	0
3819	0
3820	0
3821	0
3822	0
3823	0
384	0
3848	0
3849	0
385	0
3850	0
3851	0
3852	0
3853	0
3854	0
3855	0
386	0
387	0
388	0
3880	0
3881	0
3882	0
3883	0
3884	0
3885	0
3886	0
3887	0
39	0
3912	0
3913	0
3914	0
3915	0
3916	0
3917	0
3918	0
3919	0
392	0
393	0
394	0
3944	0
3945	0
3946	0
3947	0
3948	0
3949	0
395	0
3950	0
3951	0
396	0
397	0
3976	0
3977	0
3978	0
3979	0
398	0
3980	0
3981	0
3982	0
3983	0
399	0
3998789	0
3998790	0
3998791	0
3998816	0
3998817	0
3998818	0
3998819	0
3998820	0
3998821	0
3998822	0
3998823	0
3998848	0
3998849	0
3998850	0
3998851	0
3998852	0
3998853	0
3998854	0
3998855	0
3998880	0
3998881	0
3998882	0
3998883	0
3998884	0
3998885	0
3998886	0
3998887	0
3998912	0
3998913	0
3998914	0
3998915	0
3998916	0
3998917	0
3998918	0
3998919	0
3998944	0
3998945	0
3998946	0
3998947	0
3998948	0
3998949	0
3998950	0
3998951	0
3998976	0
3998977	0
3998978	0
3998979	0
3998980	0
3998981	0
3998982	0
3998983	0
3999008	0
3999009	0
3999010	0
3999011	0
3999012	0
3999013	0
3999014	0
3999015	0
3999040	0
3999041	0
3999042	0
3999043	0
3999044	0
3999045	0
3999046	0
3999047	0
3999072	0
3999073	0
3999074	0
3999075	0
3999076	0
3999077	0
3999078	0
3999079	0
3999104	0
3999105	0
3999106	0
3999107	0
3999108	0
3999109	0
3999110	0
3999111	0
3999136	0
3999137	0
3999138	0
3999139	0
3999140	0
3999141	0
3999142	0
3999143	0
3999168	0
3999169	0
3999170	0
3999171	0
3999172	0
3999173	0
3999174	0
3999175	0
3999200	0
4	0
40	0
4008	0
4009	0
4010	0
4011	0
4012	0
4013	0
4014	0
4015	0
4040	0
4041	0
4042	0
4043	0
4044	0
4045	0
4046	0
4047	0
4072	0
4073	0
4074	0
4075	0
4076	0
4077	0
4078	0
4079	0
41	0
4104	0
4105	0
4106	0
4107	0
4108	0
4109	0
4110	0
4111	0
4136	0
4137	0
4138	0
4139	0
4140	0
4141	0
4142	0
4143	0
4168	0
4169	0
4170	0
4171	0
4172	0
4173	0
4174	0
4175	0
42	0
4200	0
4201	0
4202	0
4203	0
4204	0
4205	0
4206	0
4207	0
4232	0
4233	0
4234	0
4235	0
4236	0
4237	0
4238	0
4239	0
424	0
425	0
426	0
4264	0
4265	0
4266	0
4267	0
4268	0
4269	0
427	0
4270	0
4271	0
428	0
429	0
4296	0
4297	0
4298	0
4299	0
43	0
430	0
4300	0
4301	0
4302	0
4303	0
431	0
4328	0
4329	0
4330	0
4331	0
4332	0
4333	0
4334	0
4335	0
4360	0
4361	0
4362	0
4363	0
4364	0
4365	0
4366	0
4367	0
4392	0
4393	0
4394	0
4395	0
4396	0
4397	0
4398	0
4399	0
44	0
4424	0
4425	0
4426	0
4427	0
4428	0
4429	0
4430	0
4431	0
444009	0
444010	0
444011	0
444012	0
444013	0
444014	0
444015	0
444040	0
444041	0
444042	0
444043	0
444044	0
444045	0
444046	0
444047	0
444072	0
444073	0
444074	0
444075	0
444076	0
444077	0
444078	0
444079	0
444104	0
444105	0
444106	0
444107	0
444108	0
444109	0
444110	0
444111	0
444136	0
444137	0
444138	0
444139	0
444140	0
444141	0
444142	0
444143	0
444168	0
444169	0
444170	0
444171	0
444172	0
444173	0
444174	0
444175	0
444200	0
444201	0
444202	0
444203	0
444204	0
444205	0
444206	0
444207	0
444232	0
444233	0
444234	0
444235	0
444236	0
444237	0
444238	0
444239	0
444264	0
444265	0
444266	0
444267	0
444268	0
444269	0
444270	0
444271	0
444296	0
444297	0
444298	0
444299	0
444300	0
444301	0
444302	0
444303	0
444328	0
444329	0
444330	0
444331	0
444332	0
444333	0
444334	0
444335	0
444360	0
444361	0
444362	0
444363	0
444364	0
444365	0
444366	0
444367	0
444392	0
444393	0
444394	0
444395	0
444396	0
444397	0
444398	0
444399	0
444424	0
444425	0
444426	0
444427	0
444428	0
444429	0
444430	0
444431	0
444456	0
444457	0
444458	0
444459	0
444460	0
444461	0
444462	0
444463	0
444488	0
444489	0
444490	0
444491	0
444492	0
444493	0
444494	0
444495	0
444520	0
444521	0
444522	0
444523	0
444524	0
444525	0
444526	0
444527	0
444552	0
444553	0
444554	0
444555	0
444556	0
444557	0
444558	0
444559	0
444584	0
444585	0
444586	0
444587	0
444588	0
444589	0
444590	0
444591	0
444616	0
444617	0
444618	0
444619	0
444620	0
444621	0
444622	0
444623	0
444648	0
444649	0
444650	0
444651	0
444652	0
444653	0
444654	0
444655	0
444680	0
444681	0
444682	0
444683	0
444684	0
444685	0
444686	0
444687	0
444712	0
444713	0
444714	0
444715	0
444716	0
444717	0
444718	0
444719	0
444744	0
444745	0
444746	0
444747	0
444748	0
444749	0
444750	0
444751	0
444776	0
444777	0
444778	0
444779	0
444780	0
444781	0
444782	0
444783	0
444808	0
444809	0
444810	0
444811	0
444812	0
444813	0
444814	0
444815	0
444840	0
444841	0
444842	0
444843	0
444844	0
444845	0
444846	0
444847	0
444872	0
444873	0
444874	0
444875	0
444876	0
444877	0
444878	0
444879	0
444904	0
444905	0
444906	0
444907	0
444908	0
444909	0
444910	0
444911	0
444936	0
444937	0
444938	0
444939	0
444940	0
444941	0
444942	0
444943	0
444968	0
444969	0
444970	0
444971	0
444972	0
444973	0
444974	0
444975	0
445000	0
445001	0
445002	0
445003	0
445004	0
445005	0
445006	0
445007	0
445032	0
445033	0
445034	0
445035	0
445036	0
445037	0
445038	0
445039	0
445064	0
445065	0
445066	0
445067	0
445068	0
445069	0
445070	0
445071	0
445096	0
445097	0
445098	0
445099	0
445100	0
445101	0
445102	0
445103	0
445128	0
445129	0
445130	0
445131	0
445132	0
445133	0
445134	0
445135	0
445160	0
445161	0
445162	0
445163	0
445164	0
445165	0
445166	0
445167	0
445192	0
445193	0
445194	0
445195	0
445196	0
445197	0
445198	0
445199	0
445224	0
445225	0
445226	0
445227	0
445228	0
445229	0
445230	0
445231	0
445256	0
445257	0
445258	0
445259	0
445260	0
445261	0
445262	0
445263	0
445288	0
445289	0
445290	0
445291	0
445292	0
445293	0
445294	0
445295	0
445320	0
445321	0
445322	0
445323	0
445324	0
445325	0
445326	0
445327	0
445352	0
445353	0
445354	0
445355	0
445356	0
445357	0
445358	0
445359	0
445384	0
445385	0
445386	0
445387	0
445388	0
445389	0
445390	0
445391	0
445416	0
445417	0
445418	0
445419	0
445420	0
445421	0
445422	0
445423	0
445448	0
445449	0
445450	0
445451	0
445452	0
445453	0
445454	0
445455	0
445480	0
445481	0
445482	0
445483	0
445484	0
445485	0
445486	0
445487	0
445512	0
445513	0
445514	0
445515	0
445516	0
445517	0
445518	0
445519	0
445544	0
445545	0
445546	0
445547	0
445548	0
445549	0
445550	0
445551	0
445576	0
445577	0
445578	0
445579	0
445580	0
445581	0
445582	0
445583	0
4456	0
445608	0
445609	0
445610	0
445611	0
445612	0
445613	0
445614	0
445615	0
445640	0
445641	0
445642	0
445643	0
445644	0
445645	0
445646	0
445647	0
445672	0
445673	0
445674	0
445675	0
445676	0
445677	0
445678	0
445679	0
4457	0
445704	0
445705	0
445706	0
445707	0
445708	0
445709	0
445710	0
445711	0
445736	0
445737	0
445738	0
445739	0
445740	0
445741	0
445742	0
445743	0
445768	0
445769	0
445770	0
445771	0
445772	0
445773	0
445774	0
445775	0
4458	0
445800	0
445801	0
445802	0
445803	0
445804	0
445805	0
445806	0
445807	0
445832	0
445833	0
445834	0
445835	0
445836	0
445837	0
445838	0
445839	0
445864	0
445865	0
445866	0
445867	0
445868	0
445869	0
445870	0
445871	0
445896	0
445897	0
445898	0
445899	0
4459	0
445900	0
445901	0
445902	0
445903	0
445928	0
445929	0
445930	0
445931	0
445932	0
445933	0
445934	0
445935	0
445960	0
445961	0
445962	0
445963	0
445964	0
445965	0
445966	0
445967	0
445992	0
445993	0
445994	0
445995	0
445996	0
445997	0
445998	0
445999	0
4460	0
446024	0
446025	0
446026	0
446027	0
446028	0
446029	0
446030	0
446031	0
446056	0
446057	0
446058	0
446059	0
446060	0
446061	0
446062	0
446063	0
446088	0
446089	0
446090	0
446091	0
446092	0
446093	0
446094	0
446095	0
4461	0
446120	0
446121	0
446122	0
446123	0
446124	0
446125	0
446126	0
446127	0
446152	0
446153	0
446154	0
446155	0
446156	0
446157	0
446158	0
446159	0
446184	0
446185	0
446186	0
446187	0
446188	0
446189	0
446190	0
446191	0
4462	0
446216	0
446217	0
446218	0
446219	0
446220	0
446221	0
446222	0
446223	0
446248	0
446249	0
446250	0
446251	0
446252	0
446253	0
446254	0
446255	0
446280	0
446281	0
446282	0
446283	0
446284	0
446285	0
446286	0
446287	0
4463	0
446312	0
446313	0
446314	0
446315	0
446316	0
446317	0
446318	0
446319	0
446344	0
446345	0
446346	0
446347	0
446348	0
446349	0
446350	0
446351	0
446376	0
446377	0
446378	0
446379	0
446380	0
446381	0
446382	0
446383	0
446408	0
446409	0
446410	0
446411	0
446412	0
446413	0
446414	0
446415	0
446440	0
446441	0
446442	0
446443	0
446444	0
446445	0
446446	0
446447	0
446472	0
446473	0
446474	0
446475	0
446476	0
446477	0
446478	0
446479	0
446504	0
446505	0
446506	0
446507	0
446508	0
446509	0
446510	0
446511	0
446536	0
446537	0
446538	0
446539	0
446540	0
446541	0
446542	0
446543	0
446568	0
446569	0
446570	0
446571	0
446572	0
446573	0
446574	0
446575	0
446600	0
446601	0
446602	0
446603	0
446604	0
446605	0
446606	0
446607	0
446632	0
446633	0
446634	0
446635	0
446636	0
446637	0
446638	0
446639	0
446664	0
446665	0
446666	0
446667	0
446668	0
446669	0
446670	0
446671	0
446696	0
446697	0
446698	0
446699	0
446700	0
446701	0
446702	0
446703	0
446728	0
446729	0
446730	0
446731	0
446732	0
446733	0
446734	0
446735	0
446760	0
446761	0
446762	0
446763	0
446764	0
446765	0
446766	0
446767	0
446792	0
446793	0
446794	0
446795	0
446796	0
446797	0
446798	0
446799	0
446824	0
446825	0
446826	0
446827	0
446828	0
446829	0
446830	0
446831	0
446856	0
446857	0
446858	0
446859	0
446860	0
446861	0
446862	0
446863	0
446888	0
446889	0
446890	0
446891	0
446892	0
446893	0
446894	0
446895	0
446920	0
446921	0
446922	0
446923	0
446924	0
446925	0
446926	0
446927	0
446952	0
446953	0
446954	0
446955	0
446956	0
446957	0
446958	0
446959	0
446984	0
446985	0
446986	0
446987	0
446988	0
446989	0
446990	0
446991	0
447016	0
447017	0
447018	0
447019	0
447020	0
447021	0
447022	0
447023	0
447048	0
447049	0
447050	0
447051	0
447052	0
447053	0
447054	0
447055	0
447080	0
447081	0
447082	0
447083	0
447084	0
447085	0
447086	0
447087	0
447112	0
447113	0
447114	0
447115	0
447116	0
447117	0
447118	0
447119	0
447144	0
447145	0
447146	0
447147	0
447148	0
447149	0
447150	0
447151	0
447176	0
447177	0
447178	0
447179	0
447180	0
447181	0
447182	0
447183	0
447208	0
447209	0
447210	0
447211	0
447212	0
447213	0
447214	0
447215	0
447240	0
447241	0
447242	0
447243	0
447244	0
447245	0
447246	0
447247	0
447272	0
447273	0
447274	0
447275	0
447276	0
447277	0
447278	0
447279	0
447304	0
447305	0
447306	0
447307	0
447308	0
447309	0
447310	0
447311	0
447336	0
447337	0
447338	0
447339	0
447340	0
447341	0
447342	0
447343	0
447368	0
447369	0
447370	0
447371	0
447372	0
447373	0
447374	0
447375	0
447400	0
447401	0
447402	0
447403	0
447404	0
447405	0
447406	0
447407	0
447432	0
447433	0
447434	0
447435	0
447436	0
447437	0
447438	0
447439	0
447464	0
447465	0
447466	0
447467	0
447468	0
447469	0
447470	0
447471	0
447496	0
447497	0
447498	0
447499	0
447500	0
447501	0
447502	0
447503	0
447528	0
447529	0
447530	0
447531	0
447532	0
447533	0
447534	0
447535	0
447560	0
447561	0
447562	0
447563	0
447564	0
447565	0
447566	0
447567	0
447592	0
447593	0
447594	0
447595	0
447596	0
447597	0
447598	0
447599	0
447624	0
447625	0
447626	0
447627	0
447628	0
447629	0
447630	0
447631	0
447656	0
447657	0
447658	0
447659	0
447660	0
447661	0
447662	0
447663	0
447688	0
447689	0
447690	0
447691	0
447692	0
447693	0
447694	0
447695	0
447720	0
447721	0
447722	0
447723	0
447724	0
447725	0
447726	0
447727	0
447752	0
447753	0
447754	0
447755	0
447756	0
447757	0
447758	0
447759	0
447784	0
447785	0
447786	0
447787	0
447788	0
447789	0
447790	0
447791	0
447816	0
447817	0
447818	0
447819	0
447820	0
447821	0
447822	0
447823	0
447848	0
447849	0
447850	0
447851	0
447852	0
447853	0
447854	0
447855	0
447880	0
447881	0
447882	0
447883	0
447884	0
447885	0
447886	0
447887	0
447912	0
447913	0
447914	0
447915	0
447916	0
447917	0
447918	0
447919	0
447944	0
447945	0
447946	0
447947	0
447948	0
447949	0
447950	0
447951	0
447976	0
447977	0
447978	0
447979	0
447980	0
447981	0
447982	0
447983	0
448008	0
448009	0
448010	0
448011	0
448012	0
448013	0
448014	0
448015	0
448040	0
448041	0
448042	0
448043	0
448044	0
448045	0
448046	0
448047	0
448072	0
448073	0
448074	0
448075	0
448076	0
448077	0
448078	0
448079	0
448104	0
448105	0
448106	0
448107	0
448108	0
448109	0
448110	0
448111	0
448136	0
448137	0
448138	0
448139	0
448140	0
448141	0
448142	0
448143	0
448168	0
448169	0
448170	0
448171	0
448172	0
448173	0
448174	0
448175	0
448200	0
448201	0
448202	0
448203	0
448204	0
448205	0
448206	0
448207	0
448232	0
448233	0
448234	0
448235	0
448236	0
448237	0
448238	0
448239	0
448264	0
448265	0
448266	0
448267	0
448268	0
448269	0
448270	0
448271	0
448296	0
448297	0
448298	0
448299	0
448300	0
448301	0
448302	0
448303	0
448328	0
448329	0
448330	0
448331	0
448332	0
448333	0
448334	0
448335	0
448360	0
448361	0
448362	0
448363	0
448364	0
448365	0
448366	0
448367	0
448392	0
448393	0
448394	0
448395	0
448396	0
448397	0
448398	0
448399	0
448424	0
448425	0
448426	0
448427	0
448428	0
448429	0
448430	0
448431	0
448456	0
448457	0
448458	0
448459	0
448460	0
448461	0
448462	0
448463	0
448488	0
448489	0
448490	0
448491	0
448492	0
448493	0
448494	0
448495	0
448520	0
448521	0
448522	0
448523	0
448524	0
448525	0
448526	0
448527	0
448552	0
448553	0
448554	0
448555	0
448556	0
448557	0
448558	0
448559	0
448584	0
448585	0
448586	0
448587	0
448588	0
448589	0
448590	0
448591	0
448616	0
448617	0
448618	0
448619	0
448620	0
448621	0
448622	0
448623	0
448648	0
448649	0
448650	0
448651	0
448652	0
448653	0
448654	0
448655	0
448680	0
448681	0
448682	0
448683	0
448684	0
448685	0
448686	0
448687	0
448712	0
448713	0
448714	0
448715	0
448716	0
448717	0
448718	0
448719	0
448744	0
448745	0
448746	0
448747	0
448748	0
448749	0
448750	0
448751	0
448776	0
448777	0
448778	0
448779	0
448780	0
448781	0
448782	0
448783	0
4488	0
448808	0
448809	0
448810	0
448811	0
448812	0
448813	0
448814	0
448815	0
448840	0
448841	0
448842	0
448843	0
448844	0
448845	0
448846	0
448847	0
448872	0
448873	0
448874	0
448875	0
448876	0
448877	0
448878	0
448879	0
4489	0
448904	0
448905	0
448906	0
448907	0
448908	0
448909	0
448910	0
448911	0
448936	0
448937	0
448938	0
448939	0
448940	0
448941	0
448942	0
448943	0
448968	0
448969	0
448970	0
448971	0
448972	0
448973	0
448974	0
448975	0
4490	0
449000	0
449001	0
449002	0
449003	0
449004	0
449005	0
449006	0
449007	0
449032	0
449033	0
449034	0
449035	0
449036	0
449037	0
449038	0
449039	0
449064	0
449065	0
449066	0
449067	0
449068	0
449069	0
449070	0
449071	0
449096	0
449097	0
449098	0
449099	0
4491	0
449100	0
449101	0
449102	0
449103	0
449128	0
449129	0
449130	0
449131	0
449132	0
449133	0
449134	0
449135	0
449160	0
449161	0
449162	0
449163	0
449164	0
449165	0
449166	0
449167	0
449192	0
449193	0
449194	0
449195	0
449196	0
449197	0
449198	0
449199	0
4492	0
449224	0
449225	0
449226	0
449227	0
449228	0
449229	0
449230	0
449231	0
449256	0
449257	0
449258	0
449259	0
449260	0
449261	0
449262	0
449263	0
449288	0
449289	0
449290	0
449291	0
449292	0
449293	0
449294	0
449295	0
4493	0
449320	0
449321	0
449322	0
449323	0
449324	0
449325	0
449326	0
449327	0
449352	0
449353	0
449354	0
449355	0
449356	0
449357	0
449358	0
449359	0
449384	0
449385	0
449386	0
449387	0
449388	0
449389	0
449390	0
449391	0
4494	0
449416	0
449417	0
449418	0
449419	0
449420	0
449421	0
449422	0
449423	0
449448	0
449449	0
449450	0
449451	0
449452	0
449453	0
449454	0
449455	0
449480	0
449481	0
449482	0
449483	0
449484	0
449485	0
449486	0
449487	0
4495	0
449512	0
449513	0
449514	0
449515	0
449516	0
449517	0
449518	0
449519	0
449544	0
449545	0
449546	0
449547	0
449548	0
449549	0
449550	0
449551	0
449576	0
449577	0
449578	0
449579	0
449580	0
449581	0
449582	0
449583	0
449608	0
449609	0
449610	0
449611	0
449612	0
449613	0
449614	0
449615	0
449640	0
449641	0
449642	0
449643	0
449644	0
449645	0
449646	0
449647	0
449672	0
449673	0
449674	0
449675	0
449676	0
449677	0
449678	0
449679	0
449704	0
449705	0
449706	0
449707	0
449708	0
449709	0
449710	0
449711	0
449736	0
449737	0
449738	0
449739	0
449740	0
449741	0
449742	0
449743	0
449768	0
449769	0
449770	0
449771	0
449772	0
449773	0
449774	0
449775	0
449800	0
449801	0
449802	0
449803	0
449804	0
449805	0
449806	0
449807	0
449832	0
449833	0
449834	0
449835	0
449836	0
449837	0
449838	0
449839	0
449864	0
449865	0
449866	0
449867	0
449868	0
449869	0
449870	0
449871	0
449896	0
449897	0
449898	0
449899	0
449900	0
449901	0
449902	0
449903	0
449928	0
449929	0
449930	0
449931	0
449932	0
449933	0
449934	0
449935	0
449960	0
449961	0
449962	0
449963	0
449964	0
449965	0
449966	0
449967	0
449992	0
449993	0
449994	0
449995	0
449996	0
45	0
4520	0
4521	0
4522	0
4523	0
4524	0
4525	0
4526	0
4527	0
4552	0
4553	0
4554	0
4555	0
4556	0
4557	0
4558	0
4559	0
456	0
457	0
458	0
4584	0
4585	0
4586	0
4587	0
4588	0
4589	0
459	0
4590	0
4591	0
46	0
460	0
461	0
4616	0
4617	0
4618	0
4619	0
462	0
4620	0
4621	0
4622	0
4623	0
463	0
4648	0
4649	0
4650	0
4651	0
4652	0
4653	0
4654	0
4655	0
4680	0
4681	0
4682	0
4683	0
4684	0
4685	0
4686	0
4687	0
47	0
4712	0
4713	0
4714	0
4715	0
4716	0
4717	0
4718	0
4719	0
4744	0
4745	0
4746	0
4747	0
4748	0
4749	0
4750	0
4751	0
4776	0
4777	0
4778	0
4779	0
4780	0
4781	0
4782	0
4783	0
4808	0
4809	0
4810	0
4811	0
4812	0
4813	0
4814	0
4815	0
4840	0
4841	0
4842	0
4843	0
4844	0
4845	0
4846	0
4847	0
4872	0
4873	0
4874	0
4875	0
4876	0
4877	0
4878	0
4879	0
488	0
489	0
490	0
4904	0
4905	0
4906	0
4907	0
4908	0
4909	0
491	0
4910	0
4911	0
492	0
493	0
4936	0
4937	0
4938	0
4939	0
494	0
4940	0
4941	0
4942	0
4943	0
495	0
4968	0
4969	0
4970	0
4971	0
4972	0
4973	0
4974	0
4975	0
5	0
5000	0
5001	0
5002	0
5003	0
5004	0
5005	0
5006	0
5007	0
5032	0
5033	0
5034	0
5035	0
5036	0
5037	0
5038	0
5039	0
5064	0
5065	0
5066	0
5067	0
5068	0
5069	0
5070	0
5071	0
5096	0
5097	0
5098	0
5099	0
5100	0
5101	0
5102	0
5103	0
5128	0
5129	0
5130	0
5131	0
5132	0
5133	0
5134	0
5135	0
5160	0
5161	0
5162	0
5163	0
5164	0
5165	0
5166	0
5167	0
5192	0
5193	0
5194	0
5195	0
5196	0
5197	0
5198	0
5199	0
520	0
521	0
522	0
5224	0
5225	0
5226	0
5227	0
5228	0
5229	0
523	0
5230	0
5231	0
524	0
525	0
5256	0
5257	0
5258	0
5259	0
526	0
5260	0
5261	0
5262	0
5263	0
527	0
5288	0
5289	0
5290	0
5291	0
5292	0
5293	0
5294	0
5295	0
5320	0
5321	0
5322	0
5323	0
5324	0
5325	0
5326	0
5327	0
5352	0
5353	0
5354	0
5355	0
5356	0
5357	0
5358	0
5359	0
5384	0
5385	0
5386	0
5387	0
5388	0
5389	0
5390	0
5391	0
5416	0
5417	0
5418	0
5419	0
5420	0
5421	0
5422	0
5423	0
5448	0
5449	0
5450	0
5451	0
5452	0
5453	0
5454	0
5455	0
5480	0
5481	0
5482	0
5483	0
5484	0
5485	0
5486	0
5487	0
5512	0
5513	0
5514	0
5515	0
5516	0
5517	0
5518	0
5519	0
552	0
553	0
554	0
5544	0
5545	0
5546	0
5547	0
5548	0
5549	0
555	0
5550	0
5551	0
556	0
557	0
5576	0
5577	0
5578	0
5579	0
558	0
5580	0
5581	0
5582	0
5583	0
559	0
5608	0
5609	0
5610	0
5611	0
5612	0
5613	0
5614	0
5615	0
5640	0
5641	0
5642	0
5643	0
5644	0
5645	0
5646	0
5647	0
5672	0
5673	0
5674	0
5675	0
5676	0
5677	0
5678	0
5679	0
5704	0
5705	0
5706	0
5707	0
5708	0
5709	0
5710	0
5711	0
5736	0
5737	0
5738	0
5739	0
5740	0
5741	0
5742	0
5743	0
5768	0
5769	0
5770	0
5771	0
5772	0
5773	0
5774	0
5775	0
5800	0
5801	0
5802	0
5803	0
5804	0
5805	0
5806	0
5807	0
5832	0
5833	0
5834	0
5835	0
5836	0
5837	0
5838	0
5839	0
584	0
585	0
586	0
5864	0
5865	0
5866	0
5867	0
5868	0
5869	0
587	0
5870	0
5871	0
588	0
589	0
5896	0
5897	0
5898	0
5899	0
590	0
5900	0
5901	0
5902	0
5903	0
591	0
5928	0
5929	0
5930	0
5931	0
5932	0
5933	0
5934	0
5935	0
5960	0
5961	0
5962	0
5963	0
5964	0
5965	0
5966	0
5967	0
5992	0
5993	0
5994	0
5995	0
5996	0
5998401	0
5998402	0
5998403	0
5998404	0
5998405	0
5998406	0
5998407	0
5998432	0
5998433	0
5998434	0
5998435	0
5998436	0
5998437	0
5998438	0
5998439	0
5998464	0
5998465	0
5998466	0
5998467	0
5998468	0
5998469	0
5998470	0
5998471	0
5998496	0
5998497	0
5998498	0
5998499	0
5998500	0
5998501	0
5998502	0
5998503	0
5998528	0
5998529	0
5998530	0
5998531	0
5998532	0
5998533	0
5998534	0
5998535	0
5998560	0
5998561	0
5998562	0
5998563	0
5998564	0
5998565	0
5998566	0
5998567	0
5998592	0
5998593	0
5998594	0
5998595	0
5998596	0
5998597	0
5998598	0
5998599	0
5998624	0
5998625	0
5998626	0
5998627	0
5998628	0
5998629	0
5998630	0
5998631	0
5998656	0
5998657	0
5998658	0
5998659	0
5998660	0
5998661	0
5998662	0
5998663	0
5998688	0
5998689	0
5998690	0
5998691	0
5998692	0
5998693	0
5998694	0
5998695	0
5998720	0
5998721	0
5998722	0
5998723	0
5998724	0
5998725	0
5998726	0
5998727	0
5998752	0
5998753	0
5998754	0
5998755	0
5998756	0
5998757	0
5998758	0
5998759	0
5998784	0
5998785	0
5998786	0
5998787	0
5998788	0
5999589	0
5999590	0
5999591	0
5999616	0
5999617	0
5999618	0
5999619	0
5999620	0
5999621	0
5999622	0
5999623	0
5999648	0
5999649	0
5999650	0
5999651	0
5999652	0
5999653	0
5999654	0
5999655	0
5999680	0
5999681	0
5999682	0
5999683	0
5999684	0
5999685	0
5999686	0
5999687	0
5999712	0
5999713	0
5999714	0
5999715	0
5999716	0
5999717	0
5999718	0
5999719	0
5999744	0
5999745	0
5999746	0
5999747	0
5999748	0
5999749	0
5999750	0
5999751	0
5999776	0
5999777	0
5999778	0
5999779	0
5999780	0
5999781	0
5999782	0
5999783	0
5999808	0
5999809	0
5999810	0
5999811	0
5999812	0
5999813	0
5999814	0
5999815	0
5999840	0
5999841	0
5999842	0
5999843	0
5999844	0
5999845	0
5999846	0
5999847	0
5999872	0
5999873	0
5999874	0
5999875	0
5999876	0
5999877	0
5999878	0
5999879	0
5999904	0
5999905	0
5999906	0
5999907	0
5999908	0
5999909	0
5999910	0
5999911	0
5999936	0
5999937	0
5999938	0
5999939	0
5999940	0
5999941	0
5999942	0
5999943	0
5999968	0
5999969	0
5999970	0
5999971	0
5999972	0
5999973	0
5999974	0
5999975	0
6	0
6000000	0
616	0
617	0
618	0
619	0
620	0
621	0
622	0
623	0
64	0
648	0
649	0
65	0
650	0
651	0
652	0
653	0
654	0
655	0
66	0
67	0
68	0
680	0
681	0
682	0
683	0
684	0
685	0
686	0
687	0
69	0
7	0
70	0
71	0
712	0
713	0
714	0
715	0
716	0
717	0
718	0
719	0
72	0
73	0
74	0
744	0
745	0
746	0
747	0
748	0
749	0
75	0
750	0
751	0
76	0
77	0
776	0
777	0
778	0
779	0
78	0
780	0
781	0
782	0
783	0
79	0
808	0
809	0
810	0
811	0
812	0
813	0
814	0
815	0
840	0
841	0
842	0
843	0
844	0
845	0
846	0
847	0
872	0
873	0
874	0
875	0
876	0
877	0
878	0
879	0
893997	0
893998	0
893999	0
894024	0
894025	0
894026	0
894027	0
894028	0
894029	0
894030	0
894031	0
894056	0
894057	0
894058	0
894059	0
894060	0
894061	0
894062	0
894063	0
894088	0
894089	0
894090	0
894091	0
894092	0
894093	0
894094	0
894095	0
894120	0
894121	0
894122	0
894123	0
894124	0
894125	0
894126	0
894127	0
894152	0
894153	0
894154	0
894155	0
894156	0
894157	0
894158	0
894159	0
894184	0
894185	0
894186	0
894187	0
894188	0
894189	0
894190	0
894191	0
894216	0
894217	0
894218	0
894219	0
894220	0
894221	0
894222	0
894223	0
894248	0
894249	0
894250	0
894251	0
894252	0
894253	0
894254	0
894255	0
894280	0
894281	0
894282	0
894283	0
894284	0
894285	0
894286	0
894287	0
894312	0
894313	0
894314	0
894315	0
894316	0
894317	0
894318	0
894319	0
894344	0
894345	0
894346	0
894347	0
894348	0
894349	0
894350	0
894351	0
894376	0
894377	0
894378	0
894379	0
894380	0
894381	0
894382	0
894383	0
894408	0
894409	0
894410	0
894411	0
894412	0
894413	0
894414	0
894415	0
894440	0
894441	0
894442	0
894443	0
894444	0
894445	0
894446	0
894447	0
894472	0
894473	0
894474	0
894475	0
894476	0
894477	0
894478	0
894479	0
894504	0
894505	0
894506	0
894507	0
894508	0
894509	0
894510	0
894511	0
894536	0
894537	0
894538	0
894539	0
894540	0
894541	0
894542	0
894543	0
894568	0
894569	0
894570	0
894571	0
894572	0
894573	0
894574	0
894575	0
894600	0
894601	0
894602	0
894603	0
894604	0
894605	0
894606	0
894607	0
894632	0
894633	0
894634	0
894635	0
894636	0
894637	0
894638	0
894639	0
894664	0
894665	0
894666	0
894667	0
894668	0
894669	0
894670	0
894671	0
894696	0
894697	0
894698	0
894699	0
894700	0
894701	0
894702	0
894703	0
894728	0
894729	0
894730	0
894731	0
894732	0
894733	0
894734	0
894735	0
894760	0
894761	0
894762	0
894763	0
894764	0
894765	0
894766	0
894767	0
894792	0
894793	0
894794	0
894795	0
894796	0
894797	0
894798	0
894799	0
894824	0
894825	0
894826	0
894827	0
894828	0
894829	0
894830	0
894831	0
894856	0
894857	0
894858	0
894859	0
894860	0
894861	0
894862	0
894863	0
894888	0
894889	0
894890	0
894891	0
894892	0
894893	0
894894	0
894895	0
894920	0
894921	0
894922	0
894923	0
894924	0
894925	0
894926	0
894927	0
894952	0
894953	0
894954	0
894955	0
894956	0
894957	0
894958	0
894959	0
894984	0
894985	0
894986	0
894987	0
894988	0
894989	0
894990	0
894991	0
895016	0
895017	0
895018	0
895019	0
895020	0
895021	0
895022	0
895023	0
895048	0
895049	0
895050	0
895051	0
895052	0
895053	0
895054	0
895055	0
895080	0
895081	0
895082	0
895083	0
895084	0
895085	0
895086	0
895087	0
895112	0
895113	0
895114	0
895115	0
895116	0
895117	0
895118	0
895119	0
895144	0
895145	0
895146	0
895147	0
895148	0
895149	0
895150	0
895151	0
895176	0
895177	0
895178	0
895179	0
895180	0
895181	0
895182	0
895183	0
895208	0
895209	0
895210	0
895211	0
895212	0
895213	0
895214	0
895215	0
895240	0
895241	0
895242	0
895243	0
895244	0
895245	0
895246	0
895247	0
895272	0
895273	0
895274	0
895275	0
895276	0
895277	0
895278	0
895279	0
895304	0
895305	0
895306	0
895307	0
895308	0
895309	0
895310	0
895311	0
895336	0
895337	0
895338	0
895339	0
895340	0
895341	0
895342	0
895343	0
895368	0
895369	0
895370	0
895371	0
895372	0
895373	0
895374	0
895375	0
895400	0
895401	0
895402	0
895403	0
895404	0
895405	0
895406	0
895407	0
895432	0
895433	0
895434	0
895435	0
895436	0
895437	0
895438	0
895439	0
895464	0
895465	0
895466	0
895467	0
895468	0
895469	0
895470	0
895471	0
895496	0
895497	0
895498	0
895499	0
895500	0
895501	0
895502	0
895503	0
895528	0
895529	0
895530	0
895531	0
895532	0
895533	0
895534	0
895535	0
895560	0
895561	0
895562	0
895563	0
895564	0
895565	0
895566	0
895567	0
895592	0
895593	0
895594	0
895595	0
895596	0
895597	0
895598	0
895599	0
895624	0
895625	0
895626	0
895627	0
895628	0
895629	0
895630	0
895631	0
895656	0
895657	0
895658	0
895659	0
895660	0
895661	0
895662	0
895663	0
895688	0
895689	0
895690	0
895691	0
895692	0
895693	0
895694	0
895695	0
895720	0
895721	0
895722	0
895723	0
895724	0
895725	0
895726	0
895727	0
895752	0
895753	0
895754	0
895755	0
895756	0
895757	0
895758	0
895759	0
895784	0
895785	0
895786	0
895787	0
895788	0
895789	0
895790	0
895791	0
895816	0
895817	0
895818	0
895819	0
895820	0
895821	0
895822	0
895823	0
895848	0
895849	0
895850	0
895851	0
895852	0
895853	0
895854	0
895855	0
895880	0
895881	0
895882	0
895883	0
895884	0
895885	0
895886	0
895887	0
895912	0
895913	0
895914	0
895915	0
895916	0
895917	0
895918	0
895919	0
895944	0
895945	0
895946	0
895947	0
895948	0
895949	0
895950	0
895951	0
895976	0
895977	0
895978	0
895979	0
895980	0
895981	0
895982	0
895983	0
896008	0
896009	0
896010	0
896011	0
896012	0
896013	0
896014	0
896015	0
896040	0
896041	0
896042	0
896043	0
896044	0
896045	0
896046	0
896047	0
896072	0
896073	0
896074	0
896075	0
896076	0
896077	0
896078	0
896079	0
896104	0
896105	0
896106	0
896107	0
896108	0
896109	0
896110	0
896111	0
896136	0
896137	0
896138	0
896139	0
896140	0
896141	0
896142	0
896143	0
896168	0
896169	0
896170	0
896171	0
896172	0
896173	0
896174	0
896175	0
896200	0
896201	0
896202	0
896203	0
896204	0
896205	0
896206	0
896207	0
896232	0
896233	0
896234	0
896235	0
896236	0
896237	0
896238	0
896239	0
896264	0
896265	0
896266	0
896267	0
896268	0
896269	0
896270	0
896271	0
896296	0
896297	0
896298	0
896299	0
896300	0
896301	0
896302	0
896303	0
896328	0
896329	0
896330	0
896331	0
896332	0
896333	0
896334	0
896335	0
896360	0
896361	0
896362	0
896363	0
896364	0
896365	0
896366	0
896367	0
896392	0
896393	0
896394	0
896395	0
896396	0
896397	0
896398	0
896399	0
896424	0
896425	0
896426	0
896427	0
896428	0
896429	0
896430	0
896431	0
896456	0
896457	0
896458	0
896459	0
896460	0
896461	0
896462	0
896463	0
896488	0
896489	0
896490	0
896491	0
896492	0
896493	0
896494	0
896495	0
896520	0
896521	0
896522	0
896523	0
896524	0
896525	0
896526	0
896527	0
896552	0
896553	0
896554	0
896555	0
896556	0
896557	0
896558	0
896559	0
896584	0
896585	0
896586	0
896587	0
896588	0
896589	0
896590	0
896591	0
896616	0
896617	0
896618	0
896619	0
896620	0
896621	0
896622	0
896623	0
896648	0
896649	0
896650	0
896651	0
896652	0
896653	0
896654	0
896655	0
896680	0
896681	0
896682	0
896683	0
896684	0
896685	0
896686	0
896687	0
896712	0
896713	0
896714	0
896715	0
896716	0
896717	0
896718	0
896719	0
896744	0
896745	0
896746	0
896747	0
896748	0
896749	0
896750	0
896751	0
896776	0
896777	0
896778	0
896779	0
896780	0
896781	0
896782	0
896783	0
896808	0
896809	0
896810	0
896811	0
896812	0
896813	0
896814	0
896815	0
896840	0
896841	0
896842	0
896843	0
896844	0
896845	0
896846	0
896847	0
896872	0
896873	0
896874	0
896875	0
896876	0
896877	0
896878	0
896879	0
896904	0
896905	0
896906	0
896907	0
896908	0
896909	0
896910	0
896911	0
896936	0
896937	0
896938	0
896939	0
896940	0
896941	0
896942	0
896943	0
896968	0
896969	0
896970	0
896971	0
896972	0
896973	0
896974	0
896975	0
897000	0
897001	0
897002	0
897003	0
897004	0
897005	0
897006	0
897007	0
897032	0
897033	0
897034	0
897035	0
897036	0
897037	0
897038	0
897039	0
897064	0
897065	0
897066	0
897067	0
897068	0
897069	0
897070	0
897071	0
897096	0
897097	0
897098	0
897099	0
897100	0
897101	0
897102	0
897103	0
897128	0
897129	0
897130	0
897131	0
897132	0
897133	0
897134	0
897135	0
897160	0
897161	0
897162	0
897163	0
897164	0
897165	0
897166	0
897167	0
897192	0
897193	0
897194	0
897195	0
897196	0
897197	0
897198	0
897199	0
897224	0
897225	0
897226	0
897227	0
897228	0
897229	0
897230	0
897231	0
897256	0
897257	0
897258	0
897259	0
897260	0
897261	0
897262	0
897263	0
897288	0
897289	0
897290	0
897291	0
897292	0
897293	0
897294	0
897295	0
897320	0
897321	0
897322	0
897323	0
897324	0
897325	0
897326	0
897327	0
897352	0
897353	0
897354	0
897355	0
897356	0
897357	0
897358	0
897359	0
897384	0
897385	0
897386	0
897387	0
897388	0
897389	0
897390	0
897391	0
897416	0
897417	0
897418	0
897419	0
897420	0
897421	0
897422	0
897423	0
897448	0
897449	0
897450	0
897451	0
897452	0
897453	0
897454	0
897455	0
897480	0
897481	0
897482	0
897483	0
897484	0
897485	0
897486	0
897487	0
897512	0
897513	0
897514	0
897515	0
897516	0
897517	0
897518	0
897519	0
897544	0
897545	0
897546	0
897547	0
897548	0
897549	0
897550	0
897551	0
897576	0
897577	0
897578	0
897579	0
897580	0
897581	0
897582	0
897583	0
897608	0
897609	0
897610	0
897611	0
897612	0
897613	0
897614	0
897615	0
897640	0
897641	0
897642	0
897643	0
897644	0
897645	0
897646	0
897647	0
897672	0
897673	0
897674	0
897675	0
897676	0
897677	0
897678	0
897679	0
897704	0
897705	0
897706	0
897707	0
897708	0
897709	0
897710	0
897711	0
897736	0
897737	0
897738	0
897739	0
897740	0
897741	0
897742	0
897743	0
897768	0
897769	0
897770	0
897771	0
897772	0
897773	0
897774	0
897775	0
897800	0
897801	0
897802	0
897803	0
897804	0
897805	0
897806	0
897807	0
897832	0
897833	0
897834	0
897835	0
897836	0
897837	0
897838	0
897839	0
897864	0
897865	0
897866	0
897867	0
897868	0
897869	0
897870	0
897871	0
897896	0
897897	0
897898	0
897899	0
897900	0
897901	0
897902	0
897903	0
897928	0
897929	0
897930	0
897931	0
897932	0
897933	0
897934	0
897935	0
897960	0
897961	0
897962	0
897963	0
897964	0
897965	0
897966	0
897967	0
897992	0
897993	0
897994	0
897995	0
897996	0
897997	0
897998	0
897999	0
898024	0
898025	0
898026	0
898027	0
898028	0
898029	0
898030	0
898031	0
898056	0
898057	0
898058	0
898059	0
898060	0
898061	0
898062	0
898063	0
898088	0
898089	0
898090	0
898091	0
898092	0
898093	0
898094	0
898095	0
898120	0
898121	0
898122	0
898123	0
898124	0
898125	0
898126	0
898127	0
898152	0
898153	0
898154	0
898155	0
898156	0
898157	0
898158	0
898159	0
898184	0
898185	0
898186	0
898187	0
898188	0
898189	0
898190	0
898191	0
898216	0
898217	0
898218	0
898219	0
898220	0
898221	0
898222	0
898223	0
898248	0
898249	0
898250	0
898251	0
898252	0
898253	0
898254	0
898255	0
898280	0
898281	0
898282	0
898283	0
898284	0
898285	0
898286	0
898287	0
898312	0
898313	0
898314	0
898315	0
898316	0
898317	0
898318	0
898319	0
898344	0
898345	0
898346	0
898347	0
898348	0
898349	0
898350	0
898351	0
898376	0
898377	0
898378	0
898379	0
898380	0
898381	0
898382	0
898383	0
898408	0
898409	0
898410	0
898411	0
898412	0
898413	0
898414	0
898415	0
898440	0
898441	0
898442	0
898443	0
898444	0
898445	0
898446	0
898447	0
898472	0
898473	0
898474	0
898475	0
898476	0
898477	0
898478	0
898479	0
898504	0
898505	0
898506	0
898507	0
898508	0
898509	0
898510	0
898511	0
898536	0
898537	0
898538	0
898539	0
898540	0
898541	0
898542	0
898543	0
898568	0
898569	0
898570	0
898571	0
898572	0
898573	0
898574	0
898575	0
898600	0
898601	0
898602	0
898603	0
898604	0
898605	0
898606	0
898607	0
898632	0
898633	0
898634	0
898635	0
898636	0
898637	0
898638	0
898639	0
898664	0
898665	0
898666	0
898667	0
898668	0
898669	0
898670	0
898671	0
898696	0
898697	0
898698	0
898699	0
898700	0
898701	0
898702	0
898703	0
898728	0
898729	0
898730	0
898731	0
898732	0
898733	0
898734	0
898735	0
898760	0
898761	0
898762	0
898763	0
898764	0
898765	0
898766	0
898767	0
898792	0
898793	0
898794	0
898795	0
898796	0
898797	0
898798	0
898799	0
898824	0
898825	0
898826	0
898827	0
898828	0
898829	0
898830	0
898831	0
898856	0
898857	0
898858	0
898859	0
898860	0
898861	0
898862	0
898863	0
898888	0
898889	0
898890	0
898891	0
898892	0
898893	0
898894	0
898895	0
898920	0
898921	0
898922	0
898923	0
898924	0
898925	0
898926	0
898927	0
898952	0
898953	0
898954	0
898955	0
898956	0
898957	0
898958	0
898959	0
898984	0
898985	0
898986	0
898987	0
898988	0
898989	0
898990	0
898991	0
899016	0
899017	0
899018	0
899019	0
899020	0
899021	0
899022	0
899023	0
899048	0
899049	0
899050	0
899051	0
899052	0
899053	0
899054	0
899055	0
899080	0
899081	0
899082	0
899083	0
899084	0
899085	0
899086	0
899087	0
899112	0
899113	0
899114	0
899115	0
899116	0
899117	0
899118	0
899119	0
899144	0
899145	0
899146	0
899147	0
899148	0
899149	0
899150	0
899151	0
899176	0
899177	0
899178	0
899179	0
899180	0
899181	0
899182	0
899183	0
899208	0
899209	0
899210	0
899211	0
899212	0
899213	0
899214	0
899215	0
899240	0
899241	0
899242	0
899243	0
899244	0
899245	0
899246	0
899247	0
899272	0
899273	0
899274	0
899275	0
899276	0
899277	0
899278	0
899279	0
899304	0
899305	0
899306	0
899307	0
899308	0
899309	0
899310	0
899311	0
899336	0
899337	0
899338	0
899339	0
899340	0
899341	0
899342	0
899343	0
899368	0
899369	0
899370	0
899371	0
899372	0
899373	0
899374	0
899375	0
899400	0
899401	0
899402	0
899403	0
899404	0
899405	0
899406	0
899407	0
899432	0
899433	0
899434	0
899435	0
899436	0
899437	0
899438	0
899439	0
899464	0
899465	0
899466	0
899467	0
899468	0
899469	0
899470	0
899471	0
899496	0
899497	0
899498	0
899499	0
899500	0
899501	0
899502	0
899503	0
899528	0
899529	0
899530	0
899531	0
899532	0
899533	0
899534	0
899535	0
899560	0
899561	0
899562	0
899563	0
899564	0
899565	0
899566	0
899567	0
899592	0
899593	0
899594	0
899595	0
899596	0
899597	0
899598	0
899599	0
899624	0
899625	0
899626	0
899627	0
899628	0
899629	0
899630	0
899631	0
899656	0
899657	0
899658	0
899659	0
899660	0
899661	0
899662	0
899663	0
899688	0
899689	0
899690	0
899691	0
899692	0
899693	0
899694	0
899695	0
899720	0
899721	0
899722	0
899723	0
899724	0
899725	0
899726	0
899727	0
899752	0
899753	0
899754	0
899755	0
899756	0
899757	0
899758	0
899759	0
899784	0
899785	0
899786	0
899787	0
899788	0
899789	0
899790	0
899791	0
899816	0
899817	0
899818	0
899819	0
899820	0
899821	0
899822	0
899823	0
899848	0
899849	0
899850	0
899851	0
899852	0
899853	0
899854	0
899855	0
899880	0
899881	0
899882	0
899883	0
899884	0
899885	0
899886	0
899887	0
899912	0
899913	0
899914	0
899915	0
899916	0
899917	0
899918	0
899919	0
899944	0
899945	0
899946	0
899947	0
899948	0
899949	0
899950	0
899951	0
899976	0
899977	0
899978	0
899979	0
899980	0
899981	0
899982	0
899983	0
9	0
900008	0
904	0
905	0
906	0
907	0
908	0
909	0
910	0
911	0
936	0
937	0
938	0
939	0
940	0
941	0
942	0
943	0
96	0
968	0
969	0
97	0
970	0
971	0
972	0
973	0
974	0
975	0
98	0
99	0
Customer#000000001	0
Customer#000000002	0
Customer#000000003	0
Customer#000000004	0
Customer#000000005	0
Customer#000000006	0
Customer#000000007	0
Customer#000000008	0
Customer#000000009	0
Customer#000000010	0
Customer#000000011	0
Customer#000000012	0
Customer#000000013	0
Customer#000000014	0
Customer#000000015	0
Customer#000000016	0
Customer#000000017	0
Customer#000000018	0
Customer#000000019	0
Customer#000000020	0
Customer#000000021	0
Customer#000000022	0
Customer#000000023	0
Customer#000000024	0
Customer#000000025	0
Customer#000000026	0
Customer#000000027	0
Customer#000000028	0
Customer#000000029	0
Customer#000000030	0
Customer#000000031	0
Customer#000000032	0
Customer#000000033	0
Customer#000000034	0
Customer#000000035	0
Customer#000000036	0
Customer#000000037	0
Customer#000000038	0
Customer#000000039	0
Customer#000000040	0
Customer#000000041	0
Customer#000000042	0
Customer#000000043	0
Customer#000000044	0
Customer#000000045	0
Customer#000000046	0
Customer#000000047	0
Customer#000000048	0
Customer#000000049	0
Customer#000000050	0
Customer#000000051	0
Customer#000000052	0
Customer#000000053	0
Customer#000000054	0
Customer#000000055	0
Customer#000000056	0
Customer#000000057	0
Customer#000000058	0
Customer#000000059	0
Customer#000000060	0
Customer#000000061	0
Customer#000000062	0
Customer#000000063	0
Customer#000000064	0
Customer#000000065	0
Customer#000000066	0
Customer#000000067	0
Customer#000000068	0
Customer#000000069	0
Customer#000000070	0
Customer#000000071	0
Customer#000000072	0
Customer#000000073	0
Customer#000000074	0
Customer#000000075	0
Customer#000000076	0
Customer#000000077	0
Customer#000000078	0
Customer#000000079	0
Customer#000000080	0
Customer#000000081	0
Customer#000000082	0
Customer#000000083	0
Customer#000000084	0
Customer#000000085	0
Customer#000000086	0
Customer#000000087	0
Customer#000000088	0
Customer#000000089	0
Customer#000000090	0
Customer#000000091	0
Customer#000000092	0
Customer#000000093	0
Customer#000000094	0
Customer#000000095	0
Customer#000000096	0
Customer#000000097	0
Customer#000000098	0
Customer#000000099	0
Customer#000000100	0
Customer#000049801	0
Customer#000049802	0
Customer#000049803	0
Customer#000049804	0
Customer#000049805	0
Customer#000049806	0
Customer#000049807	0
Customer#000049808	0
Customer#000049809	0
Customer#000049810	0
Customer#000049811	0
Customer#000049812	0
Customer#000049813	0
Customer#000049814	0
Customer#000049815	0
Customer#000049816	0
Customer#000049817	0
Customer#000049818	0
Customer#000049819	0
Customer#000049820	0
Customer#000049821	0
Customer#000049822	0
Customer#000049823	0
Customer#000049824	0
Customer#000049825	0
Customer#000049826	0
Customer#000049827	0
Customer#000049828	0
Customer#000049829	0
Customer#000049830	0
Customer#000049831	0
Customer#000049832	0
Customer#000049833	0
Customer#000049834	0
Customer#000049835	0
Customer#000049836	0
Customer#000049837	0
Customer#000049838	0
Customer#000049839	0
Customer#000049840	0
Customer#000049841	0
Customer#000049842	0
Customer#000049843	0
Customer#000049844	0
Customer#000049845	0
Customer#000049846	0
Customer#000049847	0
Customer#000049848	0
Customer#000049849	0
Customer#000049850	0
Customer#000049851	0
Customer#000049852	0
Customer#000049853	0
Customer#000049854	0
Customer#000049855	0
Customer#000049856	0
Customer#000049857	0
Customer#000049858	0
Customer#000049859	0
Customer#000049860	0
Customer#000049861	0
Customer#000049862	0
Customer#000049863	0
Customer#000049864	0
Customer#000049865	0
Customer#000049866	0
Customer#000049867	0
Customer#000049868	0
Customer#000049869	0
Customer#000049870	0
Customer#000049871	0
Customer#000049872	0
Customer#000049873	0
Customer#000049874	0
Customer#000049875	0
Customer#000049876	0
Customer#000049877	0
Customer#000049878	0
Customer#000049879	0
Customer#000049880	0
Customer#000049881	0
Customer#000049882	0
Customer#000049883	0
Customer#000049884	0
Customer#000049885	0
Customer#000049886	0
Customer#000049887	0
Customer#000049888	0
Customer#000049889	0
Customer#000049890	0
Customer#000049891	0
Customer#000049892	0
Customer#000049893	0
Customer#000049894	0
Customer#000049895	0
Customer#000049896	0
Customer#000049897	0
Customer#000049898	0
Customer#000049899	0
Customer#000049900	0
Customer#000099701	0
Customer#000099702	0
Customer#000099703	0
Customer#000099704	0
Customer#000099705	0
Customer#000099706	0
Customer#000099707	0
Customer#000099708	0
Customer#000099709	0
Customer#000099710	0
Customer#000099711	0
Customer#000099712	0
Customer#000099713	0
Customer#000099714	0
Customer#000099715	0
Customer#000099716	0
Customer#000099717	0
Customer#000099718	0
Customer#000099719	0
Customer#000099720	0
Customer#000099721	0
Customer#000099722	0
Customer#000099723	0
Customer#000099724	0
Customer#000099725	0
Customer#000099726	0
Customer#000099727	0
Customer#000099728	0
Customer#000099729	0
Customer#000099730	0
Customer#000099731	0
Customer#000099732	0
Customer#000099733	0
Customer#000099734	0
Customer#000099735	0
Customer#000099736	0
Customer#000099737	0
Customer#000099738	0
Customer#000099739	0
Customer#000099740	0
Customer#000099741	0
Customer#000099742	0
Customer#000099743	0
Customer#000099744	0
Customer#000099745	0
Customer#000099746	0
Customer#000099747	0
Customer#000099748	0
Customer#000099749	0
Customer#000099750	0
Customer#000099751	0
Customer#000099752	0
Customer#000099753	0
Customer#000099754	0
Customer#000099755	0
Customer#000099756	0
Customer#000099757	0
Customer#000099758	0
Customer#000099759	0
Customer#000099760	0
Customer#000099761	0
Customer#000099762	0
Customer#000099763	0
Customer#000099764	0
Customer#000099765	0
Customer#000099766	0
Customer#000099767	0
Customer#000099768	0
Customer#000099769	0
Customer#000099770	0
Customer#000099771	0
Customer#000099772	0
Customer#000099773	0
Customer#000099774	0
Customer#000099775	0
Customer#000099776	0
Customer#000099777	0
Customer#000099778	0
Customer#000099779	0
Customer#000099780	0
Customer#000099781	0
Customer#000099782	0
Customer#000099783	0
Customer#000099784	0
Customer#000099785	0
Customer#000099786	0
Customer#000099787	0
Customer#000099788	0
Customer#000099789	0
Customer#000099790	0
Customer#000099791	0
Customer#000099792	0
Customer#000099793	0
Customer#000099794	0
Customer#000099795	0
Customer#000099796	0
Customer#000099797	0
Customer#000099798	0
Customer#000099799	0
Customer#000099800	0
Customer#000149601	0
Customer#000149602	0
Customer#000149603	0
Customer#000149604	0
Customer#000149605	0
Customer#000149606	0
Customer#000149607	0
Customer#000149608	0
Customer#000149609	0
Customer#000149610	0
Customer#000149611	0
Customer#000149612	0
Customer#000149613	0
Customer#000149614	0
Customer#000149615	0
Customer#000149616	0
Customer#000149617	0
Customer#000149618	0
Customer#000149619	0
Customer#000149620	0
Customer#000149621	0
Customer#000149622	0
Customer#000149623	0
Customer#000149624	0
Customer#000149625	0
Customer#000149626	0
Customer#000149627	0
Customer#000149628	0
Customer#000149629	0
Customer#000149630	0
Customer#000149631	0
Customer#000149632	0
Customer#000149633	0
Customer#000149634	0
Customer#000149635	0
Customer#000149636	0
Customer#000149637	0
Customer#000149638	0
Customer#000149639	0
Customer#000149640	0
Customer#000149641	0
Customer#000149642	0
Customer#000149643	0
Customer#000149644	0
Customer#000149645	0
Customer#000149646	0
Customer#000149647	0
Customer#000149648	0
Customer#000149649	0
Customer#000149650	0
Customer#000149651	0
Customer#000149652	0
Customer#000149653	0
Customer#000149654	0
Customer#000149655	0
Customer#000149656	0
Customer#000149657	0
Customer#000149658	0
Customer#000149659	0
Customer#000149660	0
Customer#000149661	0
Customer#000149662	0
Customer#000149663	0
Customer#000149664	0
Customer#000149665	0
Customer#000149666	0
Customer#000149667	0
Customer#000149668	0
Customer#000149669	0
Customer#000149670	0
Customer#000149671	0
Customer#000149672	0
Customer#000149673	0
Customer#000149674	0
Customer#000149675	0
Customer#000149676	0
Customer#000149677	0
Customer#000149678	0
Customer#000149679	0
Customer#000149680	0
Customer#000149681	0
Customer#000149682	0
Customer#000149683	0
Customer#000149684	0
Customer#000149685	0
Customer#000149686	0
Customer#000149687	0
Customer#000149688	0
Customer#000149689	0
Customer#000149690	0
Customer#000149691	0
Customer#000149692	0
Customer#000149693	0
Customer#000149694	0
Customer#000149695	0
Customer#000149696	0
Customer#000149697	0
Customer#000149698	0
Customer#000149699	0
Customer#000149700	0
Customer#000149901	0
Customer#000149902	0
Customer#000149903	0
Customer#000149904	0
Customer#000149905	0
Customer#000149906	0
Customer#000149907	0
Customer#000149908	0
Customer#000149909	0
Customer#000149910	0
Customer#000149911	0
Customer#000149912	0
Customer#000149913	0
Customer#000149914	0
Customer#000149915	0
Customer#000149916	0
Customer#000149917	0
Customer#000149918	0
Customer#000149919	0
Customer#000149920	0
Customer#000149921	0
Customer#000149922	0
Customer#000149923	0
Customer#000149924	0
Customer#000149925	0
Customer#000149926	0
Customer#000149927	0
Customer#000149928	0
Customer#000149929	0
Customer#000149930	0
Customer#000149931	0
Customer#000149932	0
Customer#000149933	0
Customer#000149934	0
Customer#000149935	0
Customer#000149936	0
Customer#000149937	0
Customer#000149938	0
Customer#000149939	0
Customer#000149940	0
Customer#000149941	0
Customer#000149942	0
Customer#000149943	0
Customer#000149944	0
Customer#000149945	0
Customer#000149946	0
Customer#000149947	0
Customer#000149948	0
Customer#000149949	0
Customer#000149950	0
Customer#000149951	0
Customer#000149952	0
Customer#000149953	0
Customer#000149954	0
Customer#000149955	0
Customer#000149956	0
Customer#000149957	0
Customer#000149958	0
Customer#000149959	0
Customer#000149960	0
Customer#000149961	0
Customer#000149962	0
Customer#000149963	0
Customer#000149964	0
Customer#000149965	0
Customer#000149966	0
Customer#000149967	0
Customer#000149968	0
Customer#000149969	0
Customer#000149970	0
Customer#000149971	0
Customer#000149972	0
Customer#000149973	0
Customer#000149974	0
Customer#000149975	0
Customer#000149976	0
Customer#000149977	0
Customer#000149978	0
Customer#000149979	0
Customer#000149980	0
Customer#000149981	0
Customer#000149982	0
Customer#000149983	0
Customer#000149984	0
Customer#000149985	0
Customer#000149986	0
Customer#000149987	0
Customer#000149988	0
Customer#000149989	0
Customer#000149990	0
Customer#000149991	0
Customer#000149992	0
Customer#000149993	0
Customer#000149994	0
Customer#000149995	0
Customer#000149996	0
Customer#000149997	0
Customer#000149998	0
Customer#000149999	0
Customer#000150000	0
